182699
148655
142136
100538
173032
123361
107893
197891
170440
187004
115646
181044
123149
177417
127957
192708
106181
121184
174970
141642
123676
150824
161620
136216
120895
166142
137432
159391
119415
175029
177752
130465
111824
123827
120895
133091
154726
191125
108521
146554
192518
153546
162466
174901
191838
192541
169273
129880
186915
158416
104400
156586
180666
183805
162772
149964
175089
140751
151837
169199
154230
137905
142442
100310
171323
152988
187991
103474
121452
196106
130143
193781
133392
129375
109234
143633
177034
122170
169419
102620
168983
109397
121808
147255
164438
138080
126840
113488
134153
122910
150942
116162
124931
125663
144544
165086
164333
158267
113874
173821