27554791
27057145
27613037
27745632
27315127
27085403
27745399
27803927
27357520
27835187
27521400
27905691
27180307
27588231
27838958
27859370
27099403
27099606
27502713
27595399
27147066
27508301
27443535
27765330
27726923
27689725
27721598
27708302
27976882
27021246
27414796
27587001
27848177
27232340
27034981
27584409
27523229
27519399
27215153
27089381
27591776
27317720
27999935
27988520
27126051
27187212
27101584
27730789
27963026
27324245
27055851
27312445
27603485
27569251
27438684
27001022
27082551
27190444
27383971
27556424
27937788
27999544
27981838
27397755
27749515
27787310
27335524
27600758
27779145
27947786
27813355
27250081
27186793
27309505
27387478
27525907
27520456
27265538
27548293
27745775
27880307
27659250
27358264
27475016
27731646
27911539
27127910
27040796
27986992
27167669
27173213
27543630
27475257
27104664
27901418
27249116
27326860
27203906
27957295
27312066
27226288
27222171
27582403
27907115
27713053
27325870
27823061
27341136
27163359
27510821
27986142
27021850
27711059
27469401
27606987
27770565
27089803
27983582
27994331
27432034
27031402
27510095
27687198
27551289
27016870
27384053
27240739
27697303
27043562
27936082
27831899
27363727
27310970
27463197
27321629
27059807
27925503
27398851
27170446
27145021
27838748
27798299
27792778
27268593
27153312
27075000
27753087
27829538
27302615
27243907
27034972
27157357
27293969
27340795
27713150
27881654
27434293
27588162
27672652
27304452
27714927
27821754
27409163
27378751
27125427
27971020
27234323
27208006
27896556
27050544
27507603
27214800
27257981
27511944
27377700
27716499
27871051
27542086
27337340
27630965
27636900
27042224
27738268
27275890
27390934
27309833
27699574
27755728
27602215
27941534
27279292
27387891
27227386
27237101
27983320
27229414
27615693
27142857
27485384
27066331
27181453
27714840
27164405
27088205
27515106
27518256
27033754
27471493
27874774
27952677
27757917
27475940
27869218
27179012
27351397
27219672
27956532
27920273
27894619
27750809
27310734
27591276
27195958
27540603
27558608
27508814
27817411
27971016
27368364
27612712
27541458
27106598
27697271
27685971
27397823
27866402
27414582
27945583
27911056
27857601
27386096
27970861
27309825
27899701
27999993
27607923
27757439
27527201
27799838
27499288
27676863
27961581
27254509
27135712
27379900
27583881
27104393
27653325
27937257
27549294
27996393
27384428
27198735
27692446
27271624
27840043
27906655
27300673
27881214
27936995
27489520
27067647
27841038
27615038
27834322
27733560
27174538
27784264
27667224
27806834
27614506
27905979
27315709
27654110
27050476
27429805
27771137
27127223
27235429
27150295
27555409
27151758
27101927
27069080
27643937
27302005
27372118
27755858
27100961
27270814
27648216
27658997
27200166
27822443
27762103
27436720
27183865
27157111
27828765
27882850
27883849
27012039
27375677
27174170
27397669
27422565
27693386
27838061
27418614
27083249
27533230
27803388
27294847
27678140
27213754
27917167
27160384
27860201
27045540
27202439
27715272
27848246
27152443
27137061
27128002
27714537
27407449
27022312
27097871
27401096
27356835
27905620
27311517
27401009
27215494
27052894
27062681
27902989
27080802
27798428
27795305
27689955
27157049
27757284
27514340
27290159
27468214
27842034
27753207
27703012
27292291
27042540
27430217
27743629
27651585
27589280
27267809
27979424
27570765
27932340
27467047
27633813
27020466
27192207
27057495
27512003
27234206
27780120
27220525
27999282
27101180
27590750
27513974
27995853
27432463
27261511
27438625
27302349
27321334
27288625
27405746
27139278
27528345
27287240
27989556
27048969
27389112
27035026
27534707
27459935
27965308
27178426
27709194
27000945
27038724
27954790
27144264
27730723
27592387
27888016
27773883
27932149
27958221
27494413
27756175
27783688
27876709
27191568
27822454
27895080
27275291
27766984
27069761
27061816
27736252
27586712
27001839
27622620
27515745
27111950
27775674
27002366
27864250
27299030
27006587
27614552
27293676
27136731
27776342
27934400
27210709
27474754
27490396
27605342
27161730
27593140
27579695
27019376
27811982
27201119
27746865
27506074
27627345
27921048
27291515
27446052
27167501
27702774
27779034
27581039
27109534
27118933
27742974
27278073
27419680
27801437
27516267
27749993
27395254
27765360
27585876
27048519
27645825
27245147
27629653
27218213
27493434
27178390
27722741
27132408
27847457
27116168
27876315
27045931
27556012
27579470
27801683
27438333
27256064
27760949
27001817
27938359
27990165
27831378
27145247
27451403
27895186
27942986
27394921
27759187