83 95 50 17
74 93 39 90
88 36 12 99
72 29 10 75
97 40 38 19
52 91 78 19
32 45 36 57
14 33 25 26
83 90 58 50
80 28 27 84
39 55 57 14
68 79 26 45
47 43 74 38
85 82 94 16
33 52 94 58
46 37 21 30
15 66 95 51
30 72 82 44
67 78 23 27
17 28 75 75
90 22 81 92
46 64 37 85
57 15 40 60
53 64 49 82
31 17 76 76
83 32 12 39
42 31 29 97
35 53 75 81
61 51 55 54
41 87 88 13
25 16 37 72
77 13 58 40
33 39 47 48
89 94 59 23
32 24 62 85
21 71 49 11
55 18 94 33
24 41 34 27
13 96 61 79
98 28 76 66
63 73 15 31
62 66 30 22
96 59 32 78
18 35 65 67
29 20 98 11
55 52 38 35
98 82 40 24
69 56 18 41
20 18 31 39
22 14 92 36
10 59 63 67
25 91 69 99
44 42 36 65
16 59 60 68
68 15 62 66
51 86 71 71
20 91 79 42
49 80 19 43
28 15 43 17
19 97 38 93
10 44 13 24
60 99 26 21
47 93 37 69
19 54 29 13
72 44 34 96
26 29 95 86
70 14 17 44
56 56 64 48
33 95 83 77
34 54 86 43
98 41 71 34
64 22 60 28
38 20 30 41
50 50 87 97
81 81 89 65
24 43 84 22
35 74 37 11
14 11 67 92
23 46 48 12
89 31 48 40
12 61 47 56
77 26 20 57
87 27 25 46
73 89 46 80
58 53 12 53
88 21 84 54
63 96 86 73
62 88 77 69
92 21 42 61
16 32 70 23
49 11 91 45
34 27 99 68
70 45 45 90
52 85 80 10
65 76 73 35
18 36 70 93
79 87 30 78
42 74 51 23
16 63 25 84