2871
8474
9494
4212
9088
1801
1986
9842
8104
6080
6389
6451
7044
5647
9029
2567
7984
4236
2624
6654
4191
7285
1110
1640
7052
9654
4291
9088
4763
4306
3918
4201
1583
8689
2899
4559
4062
7996
4266
2068
2288
8669
7227
4978
2367
2354
4305
7742
4185
9750
7845
6739
9668
1325
6831
7156
5177
6195
3442
3312
4686
1781
4106
1886
1614
1152
9530
3346
1165
6018
4172
7199
6309
1111
6254
9992
1007
1771
1145
2162
8453
2079
1011
1521
6801
5610
2331
3070
9408
1456
6846
2547
4088
1752
4628
8647
1695
6303
5671
2925
3651
1491
2316
6416
9243
7944
5122
7507
7046
5130
6291
1681
9594
2036
8692
8641
7033
1300
9414
1685
6618
8977
5780
3990
3367
7219
9332
5933
5864
8617
8250
4189
4572
4264
8236
9181
4893
7192
7555
4467
2712
3985
6987
3357
6815
7942
4713
5897
9524
3391
1789
2223
4228
3223
9502
7200
5329
8129
3458
2379
8187
8479
4546
3501
9553
8053
4664
8193
7988
8205
4503
4352
2638
7689
1852
8250
3661
3676
2533
5722
9429
5070
4453
1569
1993
5649
6506
3524
9577
2745
8870
1690
8214
3796
9039
1590
5145
6472
5278
5443