1000 1005 1001 2800
1000 1008 1005 1005
1000 1003 1002 1006
1005 1008 1003 1002
1002 1001 1002 1009
1009 1006 1004 1005
1003 1006 1008 1005
1004 1004 1006 1001
1005 1009 1006 1009
1005 1000 1001 1004
1005 1004 1008 1004
1007 1003 1002 1006
1001 1000 1007 3140
1005 1007 1006 1000
1008 4466 7334 1003
1000 1006 1008 9272
1006 1000 1003 1009
1008 1008 1000 1001
1000 2405 1001 1005
1005 1002 1005 1004
1008 8419 4472 1007
1001 1009 1002 1008
1007 1005 1007 1002
1002 1005 1007 1003
1002 1005 1002 1006
1009 5893 1006 1007
8190 1005 1009 1006
5186 1007 8274 1003
1001 1007 1007 1006
1005 1008 1009 1006
1001 1003 1005 1007
1007 1009 1003 1005
1007 1000 1000 9963
1008 1009 1001 1001
1003 1001 1007 1001
1009 1006 1006 1008
1007 2980 1000 1007
1003 1000 1007 1004
1009 1003 1001 1006
1003 7830 1009 1000
1003 1008 2640 1002
1004 1007 1003 1004
2052 1002 1000 1004
1006 8024 1005 1004
1005 8396 1003 1008
1006 1001 1005 1004
1002 1001 1005 1002
1007 1009 1000 1009
1008 3374 1009 1003
1004 1000 1002 1009