3750 3363
3600 2721
3704 3023
3844 2661
3961 2620
3628 3469
3777 2910
3764 2696
3578 2530
3705 2605
3977 3235
3864 3166
3840 3397
3731 2929
3668 3477
3854 3054
3679 2632
3987 3330
3657 2999
3530 2670
3849 3124
3857 2751
3710 3018
3859 2518
3555 3072
3922 2739
3898 2883
3797 2781
3991 2856
3728 2598
3614 2969
3771 3007
3598 2699
3597 2874
3550 2662
3585 3257
3923 2858
3677 2814
3786 2852
3529 3385
3819 3035
3663 3395
3986 2966
3761 3466
3638 3263
3593 3013
3792 2735
3784 3156
3935 2553
3779 2663
3538 3399
3989 3362
3889 3152
3901 3347
3895 3393
3755 3103
3960 2904
7198 3600
3996 2887
3654 3064
3522 3037
3528 3288
3565 2792
3791 2824
3873 3306
3544 3259
3836 3003
3643 3281
3778 3074
3905 2911
3676 2648
3868 2693
3696 2652
3616 3391
3796 3303
3815 2710
3742 2857
3775 3446
3678 2840
10 10
3930 2626
3642 3194
3577 2654
3979 2832
3687 3296
3709 2607
3542 2773
3802 3191
3793 2714
3947 2641
3950 3418
3877 2593
3957 3231
3939 2503
3799 2506
3512 2649
3697 2542
3770 2997
3831 3203
3599 3307
3765 2508
3570 3068
3824 2576
3807 3353
3818 3219
3951 2631
3681 3405
3851 3086
3636 3206
3908 2771
3838 3115
3698 3421
3505 2597
3803 2615
3691 3498
3612 3388
3590 2602
3943 2702
3658 2914
3885 2949
3568 3404
3689 3242
3581 2779
3727 3427
3925 2892
3641 2980
3650 3311
3783 3149
3587 2978
3592 3409
3808 2596
3509 2745
3837 3139
3647 3036
3502 2606
3666 2733
3834 2509
3891 2726
3608 2923
3763 3320
3822 2646
3634 3190
3575 3159
3656 2570
3758 2675
3959 3447
3817 3423
3690 3102
3907 3352
3559 2610
3527 3012
3789 3052
3918 3168
3805 2906
3714 2538
3919 3392
3603 2780
3804 2634
3716 3294
3955 2870
3982 2668
3936 3179
3602 2690
3721 2540
3604 3236
3519 3489
3683 2971
3740 2550
3564 3121
3924 2703
3928 3006
3821 3116
3671 3082
3938 3478
3553 2590
3776 3455
3665 2882
3539 2803
3524 2695
3917 2841
3926 3246
3504 3377
3574 3344
3871 3345
3739 2686
3878 2798
3525 3380
3531 2616
3969 2574
3700 3701
3781 3429
3780 3451
3762 2925
3863 2545
3566 3494
3820 2793
3787 2653
3813 2547
3855 2807
3988 3325
3902 3463
3752 2666
3906 2873
3655 3419
3514 2968
3610 3468
3806 2886
3760 3138
3684 2584
3573 3414
3870 2552
3513 2583
3664 2531
3507 2669
3718 2846
3645 3420
3520 3462
3667 3481
3845 3360
3627 3268
3607 3175
3646 2987
3814 2681
3956 2905
3940 3331
3829 2763
3823 2936
3651 2621
3675 3379
3941 2679
3880 3126
3866 2755
3853 3278
3595 3228
3915 3132
3874 2551
3526 2665
3965 3361
3576 3210
3911 3113
3964 2836
3848 2934
3927 2842
3967 2651
3536 2633
3867 2624
3856 3184
3640 2767
3532 3163
3975 2587
3903 2704
3904 3172
3588 3143
3886 3302
3767 2863
3932 2902
3649 3442
3825 3015
3700 3702
3719 2709
3872 3078
3562 3069
3774 3043
7202 3602
3833 2728
3508 3164
3794 3031
3958 3104
3700 3083
3999 3342
3623 3341
3633 3160
3672 2918
3748 3005
3769 2544
3630 3490
3609 3312
3558 2516
3732 2765
3501 3289
3511 2931
3673 3327
3882 2866
3968 3075
3766 2510
3948 3270
3700 3700
3688 2737
3605 3371
3579 2685
3567 3196
3745 3080
3563 2682
3768 2569
3596 2555
3637 3097
3971 3026
3954 2706
3884 2897
3660 2991
3541 3053
3753 3136
3722 2941
3883 2859
3881 3226
3841 3472
3896 2827
3708 2523
3754 2700
3622 2895
3694 2727
3546 3319
3887 2612
3551 2613
3798 2829
3909 2595
3621 2903
3757 3262
3586 3329
3735 3077
3618 2885
3653 2875
3984 2526
3702 2845
3827 2912
3945 3460
3843 2564
3557 3459
3613 2984
3858 2694
3842 2650
3692 3255
3912 3223
3744 2838
3835 3192
3756 3140
3916 3384
3832 2817
3913 2932
3862 2783
3830 3117
3632 3016
3584 3029
3619 3123
3517 3237
3741 3221
3795 2958
3800 2849
3515 2864
3662 3070
3860 3314
3976 1989
3826 2673
3944 3050
3560 2989
3963 3222
3591 2920
3701 3106
3516 3282
3743 3205
3875 3322
4000 3214
3580 2965
3897 3165
3625 2948
3652 3055
3693 2581
3601 3038
3981 2970
3933 3324
3639 3280
3869 3369
3729 3008
3995 3298
3759 3169
3839 2701
3549 2757
3785 2511
3861 2753
3888 3051
3949 2691
3970 2578
3724 2556
3715 3456
3571 2786
3993 2640
3876 2944
3953 3458
3929 2922
3734 3071
3510 3234
3920 2804
3699 3398
3730 3093
3644 2759
3615 3067
3706 2644
3772 2973
3850 3313
7200 3601
3572 3144
3626 3094
3620 3323
3879 2831
3992 2801
3506 3154
3534 2993
3629 2919
3686 2789
3952 3474
3847 2933
3712 2876
3533 3108
3810 3480
3717 3445
3900 2501
3723 3396
3648 2953
3703 2579
3561 3425
3737 3491
3801 3450
3985 2975
3548 2790
3711 2977
3635 3335
3661 2537
3554 2834
3994 2956
3749 3286
3782 3020
3980 2687
3569 3042
3812 2725
3892 3482
3978 2909
3910 3492
3535 2776
3937 3256
3674 2890
3973 2645
3972 3439
3611 2788
3899 3376
3890 2924
3733 2907
3617 2878
3921 3261
3828 3187
3962 3336
3997 3488
3946 2821
3966 3085
3547 2761
3726 3239
3720 2614
3846 3114
3747 3269
3790 3374
3738 3471
3865 3367
3680 2908
3582 2527
3773 3301
3983 2951
3695 2802
3746 2955
3976 2557
3725 2566
3751 2847
3707 2565
3503 3378
3852 3147
3659 2976
3809 3368
3736 3297
3974 3479
3998 3348
3537 3059
3543 3438
3934 2774
3552 2809
3518 2800
3583 3107
3540 2708
3914 3185
3713 2514
3594 2879
3816 3247
3685 3173
3670 2585
3631 2962
3788 3158
3682 3316
3990 3096
3811 3193
3523 3181
3624 3211
3893 3128
3521 3272
3556 2713
3894 3372